57711
42754
16456
18407
58604
19118
21310
42330
41918
19663
37758
61461
16751
2703
20865
38850
18571
40347
14931
25457
27000
41044
33435
10259
52711
43904
19835
1271
62361
63397
16244
46696
8986
22801
44964
54776
56103
5407
11757
36776
31939
30066
35417
18642
18432
11019
21652
29835
17207
29619
156
48770
65367
63513
52086
23556
45316
46310
57045
41168
47393
11431
32820
32005
15580
6317
46807
49411
44800
54120
24281
34214
22373
35879
9730
57725
47808
49798
13312
51237
55968
39787
64209
5799
17349
60029
51275
4186
50654
40469
36450
63998
3074
61526
2121
50808
34450
62335
60852
32830
42580
57608
34617
65109
7004
59311
23989
41454
345
62482
20046
5242
54304
17941
23647
60364
64287
17323
46440
33978
20248
21411
32884
31458
25413
6402
62823
47143
38934
58846
32928
56893
10854
60283
16255
41596
64639
37090
14859
54927
48873
31216
26681
10614
15277
29324
50598
62012
49300
30009
40975
31399
14512
62775
35518
37523
17779
2991
18122
42673
14262
197
50334
64818
58357
17750
41479
4876
65159
29921
8262
47843
38746
35038
8855
38323
58575
29608
61067
43874
23741
53690
61342
22616
65090
63542
58911
58335
6254
6125
41369
62224
3507
28869
38995
42033
60510
10832
29370
34946
56765
38981
35475
27910
43455
50287
44351
4117
61595
38830
24058
34698
28987
63824
52153
25766
13881
35707
36203
7504
58960
9382
37464
8378
40117
58870
4631
21872
37804
29784
25536
52037
56511
52051
44384
51759
16300
50266
14072
23149
55468
28869
44663
4262
63824
63292
57203
39908
16913
48130
51510
64044
38719
11760
52042
42181
65351
56551
64251
44426
15291
16807
63268
1295
63284
24366
35225
46130
12689
43722
39518
7452
32541
15973
57252
40458
8053
36979
63866
40390
41866
55969
26781
60534
8266
5090
57314
60935
59990
18583
38613
35777
51275
3026
32130
60232
63877
23561
60414
16389
32788
19380
51154
15285
50055
63434
13515
4405
59385
17198
2369
13379
30440
41654
10000
61428
10052
14946
64805
9783
29859
7518
14662
33600
9249
45018
45485
49772
64925
47194
55652
19772
41576
25894
27743
8864
7414
30569
8298
7057
12442
30589
63784
62326
37416
41432
48926
1580
39834
31227
7967
11284
9025
15589
10187
5469
23320
59202
29022
47727
52382
4360
59396
1680
2478
26777
21924
36279
47331
18267
48315
36143
34077
24790
58792
29312
51518
24716
10811
56170
50227
57770
17217
18049
47891
17174
18624
13531
51525
45596
4824
9239
42394
25250
1474
52063
22855
21831
4803
18416
40755
36566
20801
11412
18663
4270
12668
40298
55118
52216
36240
5311
16962
51639
6100
4266
22332
46094
8045
37419
57096
12831
55191
65384
59731
17293
11130
560
54322
9079
21062
25591
23341
41117
25934
38767
46494
14850
63180
40967
27875
24718
21437
50949
35113
46976
43103
7974
17570
2833
38162
12464
64045
30390
64505
25342
10991
7993
32072
21553
32615
16596
32011
28117
43378
43631
57231
44134
11961
9713
21843
59863
58157
38343
62380
38625
19277
37455
34576
56857
8806
10872
3822
50431
54274
47638
58342
15475
9654
62035
22482
53692
31023
40379
3629
5521
43775
1404
45719
64975
27170
22857
7569
51942
5177
2766
58451
452
23537
43306
62251
10326
51034
44198
20809
23586
1138
36683
58490
59840
6087
2034
51859
32730
1405
52113
10223
53970
7453
42966
38503
52600
60876
27417
22765
10675
55339
62519
15747
20460
34320
2473
31854
6014
27775
38393
44927
52187
6686
33102
10932
11169
474
14289
65316
52929
53069
44051
58791
383
5729
14054
20219
4454
25168
35911
12002
53773
42872
19118
34225
44906
55353
42946
41855
36137
40062
59326
2316
27620
51067
41748
16151
61682
19441
9594
3463
31067
57080
12711
60069
63333
51368
15063
65486
410
14977
16416
42796
56568
57890
15016
11453
63520
58728
54943
63316
62720
26659
37919
5010
38961
42215
37029
42590
31510
20250
123
48495
19906
50576
45230
44575
37588
51210
62223
3179
44749
12303
50662
51435
45454
15342
21784
13249
39108
31453
37488
12190
49123
24531
21272
29157
31797
1988
24870
7967
23383
17442
17817
46223
24266
32060
16858
1052
49734
22233
19357
1524
8761
5400
45928
38614
7905
52642
290
33240
11491
19196
6969
50226
6157
53771
55401
6167
42785
28309
2546
64631
51528
5973
256
37339
7801
32401
46458
25435
34045
13979
29614
9643
34390
31432
16531
26716
3807
19262
44743
26087
15330
3362
24747
33142
20018
52951
60038
31868
59684
535
45738
7604
53800
41268
4469
30173
57748
35563
38865
26688
58535
32258
38139
54397
55457
44274
50174
8149
21038
57138
19100
50538
41217
37502
48880
39365
32674
28750
55948
5565
63926
43863
31302
769
57664
50225
60555
30710
19478
43975
50789
5309
26624
62437
11327
49036
42070
33447
57477
48551
1301
10911
29310
30781
7259
20466
35966
46049
62829
59400
56624
42457
26318
16081
11557
32525
8525
61286
25553
34987
9915
59166
5715
19769
32372
28479
33447
63929
17980
33746
58324
53365
3420
60043
60219
20834
36076
56550
63723
30293
48259
53663
50354
53811
19757
15496
27686
34230
14041
34390
60166
16627
7550
10431
35743
4736
25792
48164
51267
43567
14686
58325
54781
16964
12588
49694
55119
21715
21389
59174
48320
4068
63190
18977
39889
34976
22941
42272
50354
38834
54180
44446
57163
7803
59161
57511
41351
63655
661
34238
20347
51177
60627
53534
47622
679
18160
43485
11917
39492
24317
7096
6725
15603
25983
19600
41400
45417
37680
25592
14803
19262
41728
64693
20308
44273
21901
54879
9174
23292
16696
50500
27006
25154
41597
39361
32641
3562
65085
33759
63191
23794
24796
33979
44891
18929
43994
54105
9975
44633
28298
52803
48708
29121
3897
38052
50332
7251
53150
45395
6453
52457
23337
13814
25526
63100
54988
9497
9496
20797
49582
21774
48589
47211
43955
56383
38983
37567
52143
16079
52079
9929
43544
46885
8068
23161
24563
7105
36246
50227
45911
46634
15995
18404
42174
19994
9784
21063
45440
16984
35875
60376
12744
41818
54144
37465
14833
21532
25481
65313
23120
32933
40263
41128
29532
39114
57832
45607
45453
7784
2268
5124
8590
14629
37636
38486
19916
15599
62266
33616
65388
19499
32054
19758
47324
30968
50724
12620
24051
21201
22187
64546
61113
35943
39134
26243
21802
21122
36267
32695
17796
